GCC 5
SLURM_CPUS_PER_TASK 12
Energia
0,003274
0,003265
0,003333
0,003350
0,003288
0,003341
0,003272
0,003349
0,003277
0,003328
0,003349
0,003347
Contraste
0,003368
0,007477
0,003325
0,003316
0,003352
0,003328
0,003307
0,003387
0,003376
0,003365
0,003308
0,003380
Correlacao
0,003335
0,003357
0,003340
0,003287
0,003339
0,003357
0,003353
0,007790
0,003349
0,003340
0,003352
0,003387
Variancia
0,006565
0,006438
0,006354
0,006392
0,006396
0,006392
0,006399
0,006415
0,006420
0,006401
0,006392
0,006356
MDI
0,004022
0,004022
0,004006
0,004026
0,004015
0,004017
0,004020
0,003940
0,004001
0,004028
0,003999
0,004000
Entropia
0,012593
0,012608
0,012665
0,012656
0,012611
0,012600
0,012658
0,012598
0,012599
0,012594
0,012663
0,012643
Soma Media
Soma Var
19,382822
19,385831
19,391753
19,383740
19,379954
19,383192
19,382401
19,379681
19,382542
19,383532
19,378441
19,383237
Soma Entr
9,683102
9,681136
9,682466
9,682211
9,682711
9,682675
9,681063
9,681440
9,681831
9,682168
9,682488
9,680950
Dif Var
17,900433
17,902141
17,898287
17,891888
17,901472
17,905584
17,895450
17,911213
17,904996
17,903119
17,893442
17,912269
Dif Entr
8,208020
8,211138
8,221024
8,204860
8,212790
8,209658
8,214711
8,209939
8,228139
8,203209
8,225767
8,225041
