ICC
SLURM_CPUS_PER_TASK 12
/var/log/slurm/log_slurmd//job27531/slurm_script: line 13: /opt/intel/Compiler/11.1/072/bin/iccvars.sh: Arquivo ou diretório não encontrado
Energia
0.003267
0.003251
0.003265
0.003256
0.003249
0.003310
0.003251
0.003265
0.003261
0.003268
0.003256
0.003240
Contraste
0.003326
0.003291
0.003288
0.003315
0.003311
0.003320
0.003282
0.003322
0.003297
0.003294
0.003290
0.003300
Correlacao
0.003256
0.003265
0.003272
0.003274
0.003278
0.003259
0.003266
0.003280
0.003273
0.003261
0.003279
0.003276
Variancia
0.009916
0.006318
0.006329
0.006351
0.006319
0.006319
0.006317
0.006332
0.006312
0.006333
0.006316
0.006319
MDI
0.004113
0.004110
0.004122
0.004103
0.004109
0.004112
0.004150
0.007320
0.004092
0.004132
0.004139
0.004117
Entropia
0.003919
0.003948
0.003933
0.003931
0.003933
0.003932
0.003933
0.003932
0.003930
0.003937
0.003923
0.003930
Soma Media
Soma Var
30.381284
30.405737
30.420847
30.367753
30.433497
30.372598
30.370338
30.476201
30.382326
30.472804
30.386567
30.399713
Soma Entr
15.338034
15.332700
15.354548
15.330835
15.333203
15.365030
15.362585
15.371318
15.358461
15.326443
15.378877
15.370154
Dif Var
23.199040
23.216218
23.240385
23.210932
23.239787
23.217043
23.200222
23.247840
23.191822
23.225183
23.221256
23.237057
Dif Entr
8.310080
8.315016
8.314186
8.309071
8.318689
8.316903
8.310896
8.309898
8.310966
8.309777
8.316157
8.318760
